4294967279,96
4294967279,95
4294967279,94
4294967279,93
4294967279,92
4294967279,91
4294967279,90
4294967279,89
4294967279,87
4294967279,86
4294967279,85
4294967279,84
4294967279,83
4294967279,82
4294967279,81
4294967279,80
4294967279,79
4294967279,78
4294967279,77
4294967279,240
4294967278,7
4294967278,6
4294967278,5
4294967278,4
4294967279,132
4294967279,131
4294967279,130
4294967279,129
4294967279,128
4294967279,127
4294967279,126
4294967279,125
4294967279,124
4294967279,123
4294967279,122
4294967279,121
4294967279,120
4294967279,119
4294967279,118
4294967279,117
4294967279,116
4294967279,114
4294967279,113
4294967279,112
4294967279,111
4294967279,110
4294967279,109
4294967279,108
4294967279,107
4294967279,106
4294967279,105
4294967279,104
4294967279,103
4294967279,102
4294967279,101
4294967279,100
4294967279,99
4294967279,98
4294967279,97
4294967279,515
4294967279,115
4294967278,132
4294967278,131
4294967278,130
4294967278,129
4294967278,128
4294967278,127
4294967278,126
4294967278,125
4294967278,124
4294967278,123
4294967278,122
4294967278,121
4294967278,120
4294967278,119
4294967278,118
4294967278,117
4294967278,116
4294967278,115
4294967278,106
4294967278,104
4294967278,103
4294967278,102
4294967278,101
4294967278,99
4294967278,98
4294967278,97
4294967278,96
4294967278,93
4294967278,92
4294967278,91
4294967278,90
4294967278,81
4294967278,79
4294967278,78
4294967278,77
4294967278,76
4294967278,74
4294967278,73
4294967278,72
4294967278,71
4294967278,68
4294967278,67
4294967278,66
4294967278,65
4294967278,61
4294967278,58
4294967278,56
4294967278,55
4294967278,54
4294967278,53
4294967278,52
4294967278,51
4294967278,49
4294967278,48
4294967278,47
4294967278,46
4294967278,43
4294967278,42
4294967278,39
4294967278,38
4294967278,37
4294967278,36
4294967278,35
4294967278,34
4294967278,33
4294967278,32
4294967278,31
4294967278,30
4294967278,29
4294967278,28
4294967278,27
4294967278,26
4294967278,25
4294967278,24
4294967278,23
4294967278,22
4294967278,21
4294967278,20
4294967278,19
4294967278,18
4294967278,17
4294967278,16
4294967278,15
4294967278,269
4294967278,14
4294967278,13
4294967278,12
4294967278,11
4294967278,10
4294967278,9
4294967278,264
4294967278,8
4294967279,25
4294967279,272
4294967279,24
4294967279,23
4294967279,22
4294967279,21
4294967279,20
4294967279,19
4294967279,18
4294967279,17
4294967279,16
4294967279,15
4294967279,281
4294967279,14
4294967279,13
4294967279,12
4294967279,11
4294967279,10
4294967279,9
4294967279,8
4294967279,7
4294967279,278
4294967279,6
4294967279,277
4294967279,5
4294967279,276
4294967279,4
4294967278,323
4294967278,114
4294967294,1416
4294967278,111
4294967278,322
4294967278,113
4294967279,514
4294967278,233
4294967278,232
4294967278,112
4294967278,235
4294967278,110
4294967294,472
4294967278,230
4294967278,231
4294967278,109
4294967278,229
4294967278,100
4294967278,108
4294967278,227
4294967278,107
4294967278,225
4294967278,222
4294967278,105
4294967278,220
4294967278,221
4294967278,218
4294967278,216
4294967278,212
4294967278,214
4294967278,213
4294967278,280
4294967278,211
4294967278,210
4294967279,513
4294967278,209
4294967294,395
4294967294,409
4294967294,420
4294967294,179
4294967294,385
4294967294,950
4294967294,411
4294967294,419
4294967294,921
4294967294,406
4294967294,450
4294967294,164
4294967294,463
4294967294,461
4294967294,191
4294967294,392
4294967294,114
4294967278,206
4294967279,512
4294967278,321
4294967278,95
4294967278,320
4294967278,94
4294967294,76
4294967278,205
4294967278,204
4294967279,319
4294967278,203
4294967294,390
4294967278,202
4294967279,318
4294967278,319
4294967278,89
4294967279,317
4294967294,418
4294967294,29
4294967294,41
4294967294,38
4294967294,36
4294967294,39
4294967278,318
4294967278,86
4294967278,199
4294967278,317
4294967278,87
4294967279,316
4294967294,91
4294967294,88
4294967294,87
4294967294,85
4294967294,84
4294967294,43
4294967294,44
4294967294,45
4294967294,52
4294967294,61
4294967294,388
4294967294,51
4294967294,916
4294967294,910
4294967294,902
4294967294,185
4294967294,161
4294967294,82
4294967294,83
4294967294,967
4294967294,966
4294967294,964
4294967294,963
